0.92257676 0.77930349 0.69790764 0.65009076 0.61648364 0.5687997 0.5578574  0.55418532 0.5515918  0.54549142 0.52825676
0.63145787 0.61558893 0.42118018 0.35891441 0.25339464 0.21331602 0.19586684 0.18628306 0.18417007 0.18264933
0.67276241 0.66880269 0.6187462  0.55496606 0.44816077 0.36808798 0.30540215 0.2303675  0.15808888 0.10751702 0.08718485 0.07666491 0.07507427 0.07483671 0.07483224
0.87716935 0.73990072 0.66938476 0.5943801  0.54195389 0.50824151 0.48164591 0.46173009 0.44102478
0.99959074 0.88710077 0.71844553 0.5968982  0.50625371 0.39743204 0.30297811 0.26658926 0.2609268 
0.95452707 0.81955222 0.73188769 0.67705466 0.62537383 0.59183836 0.56079383 0.54097413 0.52660238
0.92622099 0.8070379  0.62849364 0.355854   0.29399273 0.23284943 0.21126412 0.19461535
0.99358188 0.78453927 0.61681022 0.427109   0.33319586 0.2749295 0.25331866
0.80634859 0.69608249 0.62514615 0.56123693 0.51016065 0.47164841 0.43452566 0.38686465 0.34800414 0.32827028 0.30966028 0.29715482 0.27371611 0.27093427
0.75448246 0.57957497 0.45338761 0.37161121 0.30047994 0.23022393 0.1829275  0.15309836 0.12053022 0.10367314 0.0915979 
0.73580324 0.36477013 0.33501766 0.30811997 0.27269966 0.17787783
0.96226566 0.93815028 0.92589849 0.90987608 0.89212495 0.8487468 0.80120909 0.74893352 0.69702749
0.96641959 0.59972557 0.46910279 0.41043415
0.85250867 0.77150006 0.6706643  0.6260752  0.51214326 0.45025216 0.36996722 0.31849403 0.27973512 0.23409665 0.18501807 0.15846863 0.12720008 0.10775076 0.10109392 0.10009061
0.8399766  0.70252325 0.57634469 0.48862855 0.41113363 0.3527705 0.24689465 0.22694172 0.22169468 0.22132223
0.93630108 0.84876419 0.64571467 0.43545591 0.28503169 0.23127505 0.20992419 0.19700439 0.18781881 0.17772917
0.83776886 0.70991031 0.57339877 0.50178426 0.46486841 0.4357925 
0.82004189 0.72503134 0.57445617 0.44985207 0.31113241 0.21390769 0.14910756 0.14232309
0.9994881  0.64801355 0.43168566 0.20940817 0.07452011 0.05187441 0.04819122
0.90066837 0.71103834 0.51526479 0.41066618 0.2565483  0.21840034 0.20816993 0.20495812
